7.119999999999999662e-01 0.000000000000000000e+00 9.899999999999999911e-01
6.670000000000000373e-01 5.000000000000000278e-02 9.899999999999999911e-01
8.359999999999999654e-01 1.000000000000000056e-01 9.899999999999999911e-01
7.990000000000000435e-01 1.500000000000000222e-01 9.899999999999999911e-01
7.349999999999999867e-01 2.000000000000000111e-01 9.899999999999999911e-01
8.259999999999999565e-01 2.500000000000000000e-01 9.899999999999999911e-01
6.770000000000000462e-01 2.999999999999999889e-01 9.899999999999999911e-01
7.049999999999999600e-01 3.499999999999999778e-01 9.899999999999999911e-01
8.780000000000000027e-01 3.999999999999999667e-01 9.899999999999999911e-01
6.400000000000000133e-01 4.499999999999999556e-01 9.899999999999999911e-01
8.110000000000000542e-01 4.999999999999999445e-01 9.899999999999999911e-01
8.149999999999999467e-01 5.499999999999999334e-01 9.899999999999999911e-01
8.120000000000000551e-01 5.999999999999999778e-01 9.899999999999999911e-01
7.229999999999999760e-01 6.500000000000000222e-01 9.899999999999999911e-01
8.890000000000000124e-01 7.000000000000000666e-01 9.899999999999999911e-01
9.350000000000000533e-01 7.500000000000001110e-01 9.899999999999999911e-01
9.020000000000000240e-01 8.000000000000001554e-01 9.899999999999999911e-01
8.820000000000000062e-01 8.500000000000001998e-01 9.899999999999999911e-01
