7.892222222222221584e-01 8.897333333333335981e-01 0.000000000000000000e+00
6.688666666666667204e-01 8.007000000000001894e-01 1.000000000000000000e+00
7.674555555555556685e-01 8.948333333333332584e-01 2.000000000000000000e+00
7.296111111111110992e-01 8.068333333333331803e-01 3.000000000000000000e+00
7.914111111111111763e-01 8.783666666666666289e-01 4.000000000000000000e+00
8.997666666666668256e-01 9.375666666666664373e-01 5.000000000000000000e+00
1.959555555555555495e-01 1.997333333333333738e-01 6.000000000000000000e+00
7.686999999999999389e-01 8.147333333333335315e-01 7.000000000000000000e+00
7.548000000000000265e-01 9.384999999999997788e-01 8.000000000000000000e+00
7.265777777777776558e-01 8.354333333333333611e-01 9.000000000000000000e+00
5.243555555555555747e-01 5.534333333333333327e-01 1.000000000000000000e+01
