7.892222222222221584e-01 9.523000000000000353e-01 0.000000000000000000e+00
6.688666666666667204e-01 8.700333333333332142e-01 1.000000000000000000e+00
7.674555555555556685e-01 9.184333333333335458e-01 2.000000000000000000e+00
7.296111111111110992e-01 9.156333333333332991e-01 3.000000000000000000e+00
7.914111111111111763e-01 9.565333333333333465e-01 4.000000000000000000e+00
8.997666666666668256e-01 9.766666666666663499e-01 5.000000000000000000e+00
1.959555555555555495e-01 2.493666666666667087e-01 6.000000000000000000e+00
7.686999999999999389e-01 9.335333333333332151e-01 7.000000000000000000e+00
7.548000000000000265e-01 9.688333333333334352e-01 8.000000000000000000e+00
7.265777777777776558e-01 8.951666666666667771e-01 9.000000000000000000e+00
5.243555555555555747e-01 6.916000000000001036e-01 1.000000000000000000e+01
