7.782666666666666622e-01 9.332000000000001405e-01 0.000000000000000000e+00
6.575333333333333030e-01 8.407999999999999918e-01 1.000000000000000000e+00
7.394000000000000572e-01 8.958000000000000407e-01 2.000000000000000000e+00
7.090666666666666229e-01 8.514000000000000457e-01 3.000000000000000000e+00
6.589333333333333709e-01 8.065999999999999837e-01 4.000000000000000000e+00
7.633333333333331971e-01 9.344000000000001194e-01 5.000000000000000000e+00
1.601333333333333497e-01 2.130000000000000226e-01 6.000000000000000000e+00
7.461999999999999744e-01 9.230000000000000426e-01 7.000000000000000000e+00
7.512666666666667492e-01 9.625999999999999002e-01 8.000000000000000000e+00
6.959999999999999520e-01 8.844000000000000750e-01 9.000000000000000000e+00
5.340666666666666895e-01 6.148000000000000131e-01 1.000000000000000000e+01
