7.782666666666666622e-01 8.820000000000000062e-01 0.000000000000000000e+00
6.575333333333333030e-01 7.565999999999999392e-01 1.000000000000000000e+00
7.394000000000000572e-01 8.453999999999999293e-01 2.000000000000000000e+00
7.090666666666666229e-01 7.108000000000000984e-01 3.000000000000000000e+00
6.589333333333333709e-01 8.162000000000000366e-01 4.000000000000000000e+00
7.633333333333331971e-01 8.931999999999999940e-01 5.000000000000000000e+00
1.601333333333333497e-01 2.022000000000000464e-01 6.000000000000000000e+00
7.461999999999999744e-01 7.689999999999999059e-01 7.000000000000000000e+00
7.512666666666667492e-01 9.372000000000000330e-01 8.000000000000000000e+00
6.959999999999999520e-01 8.174000000000000155e-01 9.000000000000000000e+00
5.340666666666666895e-01 5.676000000000001044e-01 1.000000000000000000e+01
