7.782666666666666622e-01 9.579999999999999627e-01 0.000000000000000000e+00
6.575333333333333030e-01 8.768000000000000238e-01 1.000000000000000000e+00
7.394000000000000572e-01 9.237999999999999545e-01 2.000000000000000000e+00
7.090666666666666229e-01 8.313999999999999169e-01 3.000000000000000000e+00
6.589333333333333709e-01 9.299999999999999378e-01 4.000000000000000000e+00
7.633333333333331971e-01 9.627999999999998781e-01 5.000000000000000000e+00
1.601333333333333497e-01 2.134000000000000064e-01 6.000000000000000000e+00
7.461999999999999744e-01 8.925999999999999490e-01 7.000000000000000000e+00
7.512666666666667492e-01 9.765999999999999126e-01 8.000000000000000000e+00
6.959999999999999520e-01 9.118000000000000549e-01 9.000000000000000000e+00
5.340666666666666895e-01 6.002000000000000668e-01 1.000000000000000000e+01
