7.892222222222221584e-01 9.661666666666667291e-01 0.000000000000000000e+00
6.688666666666667204e-01 9.023666666666667613e-01 1.000000000000000000e+00
7.674555555555556685e-01 9.450999999999999401e-01 2.000000000000000000e+00
7.296111111111110992e-01 9.097666666666663904e-01 3.000000000000000000e+00
7.914111111111111763e-01 9.845333333333335935e-01 4.000000000000000000e+00
8.997666666666668256e-01 9.903000000000001801e-01 5.000000000000000000e+00
1.959555555555555495e-01 3.264333333333332976e-01 6.000000000000000000e+00
7.686999999999999389e-01 9.538666666666666405e-01 7.000000000000000000e+00
7.548000000000000265e-01 9.832333333333331815e-01 8.000000000000000000e+00
7.265777777777776558e-01 9.324333333333334473e-01 9.000000000000000000e+00
5.243555555555555747e-01 7.181333333333334012e-01 1.000000000000000000e+01
