5.070000000000000062e-01 0.000000000000000000e+00 0.000000000000000000e+00
4.989999999999999991e-01 0.000000000000000000e+00 2.999999999999999889e-02
5.400000000000000355e-01 0.000000000000000000e+00 5.999999999999999778e-02
5.190000000000000169e-01 0.000000000000000000e+00 8.999999999999999667e-02
5.300000000000000266e-01 0.000000000000000000e+00 1.199999999999999956e-01
5.869999999999999662e-01 0.000000000000000000e+00 1.499999999999999944e-01
6.019999999999999796e-01 0.000000000000000000e+00 1.799999999999999933e-01
6.079999999999999849e-01 0.000000000000000000e+00 2.099999999999999922e-01
5.480000000000000426e-01 0.000000000000000000e+00 2.399999999999999911e-01
5.040000000000000036e-01 0.000000000000000000e+00 2.700000000000000178e-01
5.610000000000000542e-01 0.000000000000000000e+00 3.000000000000000444e-01
6.600000000000000311e-01 0.000000000000000000e+00 3.300000000000000711e-01
5.869999999999999662e-01 0.000000000000000000e+00 3.600000000000000977e-01
6.630000000000000338e-01 0.000000000000000000e+00 3.900000000000001243e-01
6.099999999999999867e-01 0.000000000000000000e+00 4.200000000000001510e-01
5.989999999999999769e-01 0.000000000000000000e+00 4.500000000000001776e-01
6.089999999999999858e-01 0.000000000000000000e+00 4.800000000000002043e-01
7.259999999999999787e-01 0.000000000000000000e+00 5.100000000000002309e-01
7.630000000000000115e-01 0.000000000000000000e+00 5.400000000000002576e-01
7.850000000000000311e-01 0.000000000000000000e+00 5.700000000000002842e-01
6.780000000000000471e-01 0.000000000000000000e+00 6.000000000000003109e-01
7.640000000000000124e-01 0.000000000000000000e+00 6.300000000000003375e-01
7.209999999999999742e-01 0.000000000000000000e+00 6.600000000000003642e-01
7.439999999999999947e-01 0.000000000000000000e+00 6.900000000000003908e-01
6.929999999999999494e-01 0.000000000000000000e+00 7.200000000000004174e-01
7.960000000000000409e-01 0.000000000000000000e+00 7.500000000000004441e-01
8.539999999999999813e-01 0.000000000000000000e+00 7.800000000000004707e-01
6.850000000000000533e-01 0.000000000000000000e+00 8.100000000000004974e-01
7.349999999999999867e-01 0.000000000000000000e+00 8.400000000000005240e-01
7.950000000000000400e-01 0.000000000000000000e+00 8.700000000000005507e-01
9.070000000000000284e-01 0.000000000000000000e+00 9.000000000000005773e-01
8.840000000000000080e-01 0.000000000000000000e+00 9.300000000000006040e-01
8.569999999999999840e-01 0.000000000000000000e+00 9.600000000000006306e-01
7.830000000000000293e-01 0.000000000000000000e+00 9.900000000000006573e-01
7.780000000000000249e-01 0.000000000000000000e+00 1.020000000000000684e+00
9.170000000000000373e-01 0.000000000000000000e+00 1.050000000000000711e+00
9.659999999999999698e-01 0.000000000000000000e+00 1.080000000000000737e+00
9.679999999999999716e-01 0.000000000000000000e+00 1.110000000000000764e+00
6.969999999999999529e-01 0.000000000000000000e+00 1.140000000000000790e+00
9.220000000000000417e-01 0.000000000000000000e+00 1.170000000000000817e+00
7.259999999999999787e-01 0.000000000000000000e+00 1.200000000000000844e+00
7.489999999999999991e-01 0.000000000000000000e+00 1.230000000000000870e+00
9.479999999999999538e-01 0.000000000000000000e+00 1.260000000000000897e+00
9.579999999999999627e-01 0.000000000000000000e+00 1.290000000000000924e+00
8.139999999999999458e-01 0.000000000000000000e+00 1.320000000000000950e+00
8.679999999999999938e-01 0.000000000000000000e+00 1.350000000000000977e+00
9.190000000000000391e-01 0.000000000000000000e+00 1.380000000000001004e+00
7.820000000000000284e-01 0.000000000000000000e+00 1.410000000000001030e+00
9.330000000000000515e-01 0.000000000000000000e+00 1.440000000000001057e+00
8.469999999999999751e-01 0.000000000000000000e+00 1.470000000000001084e+00
8.249999999999999556e-01 0.000000000000000000e+00 1.500000000000001110e+00
9.310000000000000497e-01 0.000000000000000000e+00 1.530000000000001137e+00
9.659999999999999698e-01 0.000000000000000000e+00 1.560000000000001164e+00
9.260000000000000453e-01 0.000000000000000000e+00 1.590000000000001190e+00
9.559999999999999609e-01 0.000000000000000000e+00 1.620000000000001217e+00
9.769999999999999796e-01 0.000000000000000000e+00 1.650000000000001243e+00
9.619999999999999662e-01 0.000000000000000000e+00 1.680000000000001270e+00
9.929999999999999938e-01 0.000000000000000000e+00 1.710000000000001297e+00
9.969999999999999973e-01 0.000000000000000000e+00 1.740000000000001323e+00
8.880000000000000115e-01 0.000000000000000000e+00 1.770000000000001350e+00
9.639999999999999680e-01 0.000000000000000000e+00 1.800000000000001377e+00
9.639999999999999680e-01 0.000000000000000000e+00 1.830000000000001403e+00
8.709999999999999964e-01 0.000000000000000000e+00 1.860000000000001430e+00
9.949999999999999956e-01 0.000000000000000000e+00 1.890000000000001457e+00
9.979999999999999982e-01 0.000000000000000000e+00 1.920000000000001483e+00
8.269999999999999574e-01 0.000000000000000000e+00 1.950000000000001510e+00
9.739999999999999769e-01 0.000000000000000000e+00 1.980000000000001537e+00
9.979999999999999982e-01 0.000000000000000000e+00 2.010000000000001563e+00
9.919999999999999929e-01 0.000000000000000000e+00 2.040000000000001368e+00
9.220000000000000417e-01 0.000000000000000000e+00 2.070000000000001172e+00
9.979999999999999982e-01 0.000000000000000000e+00 2.100000000000000977e+00
9.809999999999999831e-01 0.000000000000000000e+00 2.130000000000000782e+00
9.429999999999999494e-01 0.000000000000000000e+00 2.160000000000000586e+00
9.869999999999999885e-01 0.000000000000000000e+00 2.190000000000000391e+00
9.509999999999999565e-01 0.000000000000000000e+00 2.220000000000000195e+00
9.989999999999999991e-01 0.000000000000000000e+00 2.250000000000000000e+00
1.000000000000000000e+00 0.000000000000000000e+00 2.279999999999999805e+00
8.299999999999999600e-01 0.000000000000000000e+00 2.309999999999999609e+00
9.609999999999999654e-01 0.000000000000000000e+00 2.339999999999999414e+00
9.939999999999999947e-01 0.000000000000000000e+00 2.369999999999999218e+00
9.969999999999999973e-01 0.000000000000000000e+00 2.399999999999999023e+00
9.170000000000000373e-01 0.000000000000000000e+00 2.429999999999998828e+00
9.419999999999999485e-01 0.000000000000000000e+00 2.459999999999998632e+00
9.989999999999999991e-01 0.000000000000000000e+00 2.489999999999998437e+00
9.889999999999999902e-01 0.000000000000000000e+00 2.519999999999998241e+00
9.989999999999999991e-01 0.000000000000000000e+00 2.549999999999998046e+00
9.859999999999999876e-01 0.000000000000000000e+00 2.579999999999997851e+00
9.959999999999999964e-01 0.000000000000000000e+00 2.609999999999997655e+00
9.929999999999999938e-01 0.000000000000000000e+00 2.639999999999997460e+00
1.000000000000000000e+00 0.000000000000000000e+00 2.669999999999997264e+00
9.779999999999999805e-01 0.000000000000000000e+00 2.699999999999997069e+00
9.739999999999999769e-01 0.000000000000000000e+00 2.729999999999996874e+00
9.619999999999999662e-01 0.000000000000000000e+00 2.759999999999996678e+00
9.989999999999999991e-01 0.000000000000000000e+00 2.789999999999996483e+00
9.859999999999999876e-01 0.000000000000000000e+00 2.819999999999996287e+00
9.989999999999999991e-01 0.000000000000000000e+00 2.849999999999996092e+00
9.220000000000000417e-01 0.000000000000000000e+00 2.879999999999995897e+00
1.000000000000000000e+00 0.000000000000000000e+00 2.909999999999995701e+00
9.989999999999999991e-01 0.000000000000000000e+00 2.939999999999995506e+00
9.889999999999999902e-01 0.000000000000000000e+00 2.969999999999995310e+00
1.000000000000000000e+00 0.000000000000000000e+00 2.999999999999995115e+00
9.989999999999999991e-01 0.000000000000000000e+00 3.029999999999994920e+00
9.899999999999999911e-01 0.000000000000000000e+00 3.059999999999994724e+00
1.000000000000000000e+00 0.000000000000000000e+00 3.089999999999994529e+00
1.000000000000000000e+00 0.000000000000000000e+00 3.119999999999994333e+00
9.819999999999999840e-01 0.000000000000000000e+00 3.149999999999994138e+00
1.000000000000000000e+00 0.000000000000000000e+00 3.179999999999993943e+00
9.529999999999999583e-01 0.000000000000000000e+00 3.209999999999993747e+00
1.000000000000000000e+00 0.000000000000000000e+00 3.239999999999993552e+00
1.000000000000000000e+00 0.000000000000000000e+00 3.269999999999993356e+00
9.939999999999999947e-01 0.000000000000000000e+00 3.299999999999993161e+00
9.919999999999999929e-01 0.000000000000000000e+00 3.329999999999992966e+00
9.989999999999999991e-01 0.000000000000000000e+00 3.359999999999992770e+00
1.000000000000000000e+00 0.000000000000000000e+00 3.389999999999992575e+00
1.000000000000000000e+00 0.000000000000000000e+00 3.419999999999992379e+00
9.989999999999999991e-01 0.000000000000000000e+00 3.449999999999992184e+00
1.000000000000000000e+00 0.000000000000000000e+00 3.479999999999991989e+00
1.000000000000000000e+00 0.000000000000000000e+00 3.509999999999991793e+00
1.000000000000000000e+00 0.000000000000000000e+00 3.539999999999991598e+00
1.000000000000000000e+00 0.000000000000000000e+00 3.569999999999991402e+00
8.950000000000000178e-01 0.000000000000000000e+00 3.599999999999991207e+00
1.000000000000000000e+00 0.000000000000000000e+00 3.629999999999991012e+00
1.000000000000000000e+00 0.000000000000000000e+00 3.659999999999990816e+00
9.779999999999999805e-01 0.000000000000000000e+00 3.689999999999990621e+00
1.000000000000000000e+00 0.000000000000000000e+00 3.719999999999990425e+00
9.859999999999999876e-01 0.000000000000000000e+00 3.749999999999990230e+00
1.000000000000000000e+00 0.000000000000000000e+00 3.779999999999990035e+00
9.419999999999999485e-01 0.000000000000000000e+00 3.809999999999989839e+00
1.000000000000000000e+00 0.000000000000000000e+00 3.839999999999989644e+00
1.000000000000000000e+00 0.000000000000000000e+00 3.869999999999989448e+00
1.000000000000000000e+00 0.000000000000000000e+00 3.899999999999989253e+00
9.989999999999999991e-01 0.000000000000000000e+00 3.929999999999989058e+00
9.989999999999999991e-01 0.000000000000000000e+00 3.959999999999988862e+00
9.989999999999999991e-01 0.000000000000000000e+00 3.989999999999988667e+00
9.979999999999999982e-01 0.000000000000000000e+00 4.019999999999988916e+00
1.000000000000000000e+00 0.000000000000000000e+00 4.049999999999989164e+00
1.000000000000000000e+00 0.000000000000000000e+00 4.079999999999989413e+00
1.000000000000000000e+00 0.000000000000000000e+00 4.109999999999989662e+00
1.000000000000000000e+00 0.000000000000000000e+00 4.139999999999989910e+00
9.989999999999999991e-01 0.000000000000000000e+00 4.169999999999990159e+00
1.000000000000000000e+00 0.000000000000000000e+00 4.199999999999990408e+00
1.000000000000000000e+00 0.000000000000000000e+00 4.229999999999990656e+00
9.949999999999999956e-01 0.000000000000000000e+00 4.259999999999990905e+00
9.989999999999999991e-01 0.000000000000000000e+00 4.289999999999991154e+00
1.000000000000000000e+00 0.000000000000000000e+00 4.319999999999991402e+00
9.549999999999999600e-01 0.000000000000000000e+00 4.349999999999991651e+00
1.000000000000000000e+00 0.000000000000000000e+00 4.379999999999991900e+00
1.000000000000000000e+00 0.000000000000000000e+00 4.409999999999992149e+00
1.000000000000000000e+00 0.000000000000000000e+00 4.439999999999992397e+00
1.000000000000000000e+00 0.000000000000000000e+00 4.469999999999992646e+00
9.919999999999999929e-01 0.000000000000000000e+00 4.499999999999992895e+00
1.000000000000000000e+00 0.000000000000000000e+00 4.529999999999993143e+00
1.000000000000000000e+00 0.000000000000000000e+00 4.559999999999993392e+00
1.000000000000000000e+00 0.000000000000000000e+00 4.589999999999993641e+00
1.000000000000000000e+00 0.000000000000000000e+00 4.619999999999993889e+00
1.000000000000000000e+00 0.000000000000000000e+00 4.649999999999994138e+00
1.000000000000000000e+00 0.000000000000000000e+00 4.679999999999994387e+00
9.989999999999999991e-01 0.000000000000000000e+00 4.709999999999994635e+00
1.000000000000000000e+00 0.000000000000000000e+00 4.739999999999994884e+00
1.000000000000000000e+00 0.000000000000000000e+00 4.769999999999995133e+00
1.000000000000000000e+00 0.000000000000000000e+00 4.799999999999995381e+00
1.000000000000000000e+00 0.000000000000000000e+00 4.829999999999995630e+00
9.979999999999999982e-01 0.000000000000000000e+00 4.859999999999995879e+00
9.969999999999999973e-01 0.000000000000000000e+00 4.889999999999996128e+00
1.000000000000000000e+00 0.000000000000000000e+00 4.919999999999996376e+00
1.000000000000000000e+00 0.000000000000000000e+00 4.949999999999996625e+00
1.000000000000000000e+00 0.000000000000000000e+00 4.979999999999996874e+00
1.000000000000000000e+00 0.000000000000000000e+00 5.009999999999997122e+00
1.000000000000000000e+00 0.000000000000000000e+00 5.039999999999997371e+00
1.000000000000000000e+00 0.000000000000000000e+00 5.069999999999997620e+00
1.000000000000000000e+00 0.000000000000000000e+00 5.099999999999997868e+00
1.000000000000000000e+00 0.000000000000000000e+00 5.129999999999998117e+00
1.000000000000000000e+00 0.000000000000000000e+00 5.159999999999998366e+00
1.000000000000000000e+00 0.000000000000000000e+00 5.189999999999998614e+00
1.000000000000000000e+00 0.000000000000000000e+00 5.219999999999998863e+00
1.000000000000000000e+00 0.000000000000000000e+00 5.249999999999999112e+00
1.000000000000000000e+00 0.000000000000000000e+00 5.279999999999999361e+00
1.000000000000000000e+00 0.000000000000000000e+00 5.309999999999999609e+00
1.000000000000000000e+00 0.000000000000000000e+00 5.339999999999999858e+00
1.000000000000000000e+00 0.000000000000000000e+00 5.370000000000000107e+00
1.000000000000000000e+00 0.000000000000000000e+00 5.400000000000000355e+00
1.000000000000000000e+00 0.000000000000000000e+00 5.430000000000000604e+00
1.000000000000000000e+00 0.000000000000000000e+00 5.460000000000000853e+00
1.000000000000000000e+00 0.000000000000000000e+00 5.490000000000001101e+00
1.000000000000000000e+00 0.000000000000000000e+00 5.520000000000001350e+00
1.000000000000000000e+00 0.000000000000000000e+00 5.550000000000001599e+00
1.000000000000000000e+00 0.000000000000000000e+00 5.580000000000001847e+00
1.000000000000000000e+00 0.000000000000000000e+00 5.610000000000002096e+00
1.000000000000000000e+00 0.000000000000000000e+00 5.640000000000002345e+00
1.000000000000000000e+00 0.000000000000000000e+00 5.670000000000002593e+00
1.000000000000000000e+00 0.000000000000000000e+00 5.700000000000002842e+00
9.839999999999999858e-01 0.000000000000000000e+00 5.730000000000003091e+00
1.000000000000000000e+00 0.000000000000000000e+00 5.760000000000003340e+00
1.000000000000000000e+00 0.000000000000000000e+00 5.790000000000003588e+00
1.000000000000000000e+00 0.000000000000000000e+00 5.820000000000003837e+00
9.989999999999999991e-01 0.000000000000000000e+00 5.850000000000004086e+00
9.969999999999999973e-01 0.000000000000000000e+00 5.880000000000004334e+00
1.000000000000000000e+00 0.000000000000000000e+00 5.910000000000004583e+00
9.969999999999999973e-01 0.000000000000000000e+00 5.940000000000004832e+00
1.000000000000000000e+00 0.000000000000000000e+00 5.970000000000005080e+00
