4.789999999999999813e-01 2.950000000000000178e+00 0.000000000000000000e+00
4.889999999999999902e-01 2.950000000000000178e+00 2.999999999999999889e-02
4.600000000000000200e-01 2.950000000000000178e+00 5.999999999999999778e-02
5.090000000000000080e-01 2.950000000000000178e+00 8.999999999999999667e-02
4.979999999999999982e-01 2.950000000000000178e+00 1.199999999999999956e-01
4.919999999999999929e-01 2.950000000000000178e+00 1.499999999999999944e-01
5.210000000000000187e-01 2.950000000000000178e+00 1.799999999999999933e-01
5.010000000000000009e-01 2.950000000000000178e+00 2.099999999999999922e-01
5.100000000000000089e-01 2.950000000000000178e+00 2.399999999999999911e-01
4.819999999999999840e-01 2.950000000000000178e+00 2.700000000000000178e-01
5.180000000000000160e-01 2.950000000000000178e+00 2.999999999999999889e-01
5.510000000000000453e-01 2.950000000000000178e+00 3.299999999999999600e-01
4.969999999999999973e-01 2.950000000000000178e+00 3.599999999999999867e-01
4.929999999999999938e-01 2.950000000000000178e+00 3.900000000000000133e-01
5.310000000000000275e-01 2.950000000000000178e+00 4.199999999999999845e-01
5.310000000000000275e-01 2.950000000000000178e+00 4.499999999999999556e-01
5.370000000000000329e-01 2.950000000000000178e+00 4.799999999999999822e-01
5.689999999999999503e-01 2.950000000000000178e+00 5.100000000000000089e-01
5.669999999999999485e-01 2.950000000000000178e+00 5.400000000000000355e-01
5.560000000000000497e-01 2.950000000000000178e+00 5.699999999999999512e-01
5.440000000000000391e-01 2.950000000000000178e+00 5.999999999999999778e-01
5.649999999999999467e-01 2.950000000000000178e+00 6.300000000000000044e-01
4.949999999999999956e-01 2.950000000000000178e+00 6.599999999999999201e-01
5.350000000000000311e-01 2.950000000000000178e+00 6.899999999999999467e-01
5.200000000000000178e-01 2.950000000000000178e+00 7.199999999999999734e-01
5.330000000000000293e-01 2.950000000000000178e+00 7.500000000000000000e-01
5.610000000000000542e-01 2.950000000000000178e+00 7.800000000000000266e-01
6.129999999999999893e-01 2.950000000000000178e+00 8.099999999999999423e-01
6.059999999999999831e-01 2.950000000000000178e+00 8.399999999999999689e-01
5.360000000000000320e-01 2.950000000000000178e+00 8.699999999999999956e-01
5.629999999999999449e-01 2.950000000000000178e+00 8.999999999999999112e-01
6.029999999999999805e-01 2.950000000000000178e+00 9.299999999999999378e-01
6.600000000000000311e-01 2.950000000000000178e+00 9.599999999999999645e-01
6.159999999999999920e-01 2.950000000000000178e+00 9.899999999999999911e-01
6.260000000000000009e-01 2.950000000000000178e+00 1.020000000000000018e+00
6.089999999999999858e-01 2.950000000000000178e+00 1.050000000000000044e+00
6.119999999999999885e-01 2.950000000000000178e+00 1.080000000000000071e+00
6.510000000000000231e-01 2.950000000000000178e+00 1.109999999999999876e+00
6.129999999999999893e-01 2.950000000000000178e+00 1.139999999999999902e+00
6.159999999999999920e-01 2.950000000000000178e+00 1.169999999999999929e+00
6.899999999999999467e-01 2.950000000000000178e+00 1.199999999999999956e+00
6.560000000000000275e-01 2.950000000000000178e+00 1.229999999999999982e+00
6.219999999999999973e-01 2.950000000000000178e+00 1.260000000000000009e+00
6.740000000000000435e-01 2.950000000000000178e+00 1.290000000000000036e+00
6.320000000000000062e-01 2.950000000000000178e+00 1.319999999999999840e+00
6.560000000000000275e-01 2.950000000000000178e+00 1.349999999999999867e+00
6.600000000000000311e-01 2.950000000000000178e+00 1.379999999999999893e+00
6.630000000000000338e-01 2.950000000000000178e+00 1.409999999999999920e+00
6.380000000000000115e-01 2.950000000000000178e+00 1.439999999999999947e+00
6.580000000000000293e-01 2.950000000000000178e+00 1.469999999999999973e+00
6.919999999999999485e-01 2.950000000000000178e+00 1.500000000000000000e+00
6.800000000000000488e-01 2.950000000000000178e+00 1.530000000000000027e+00
7.439999999999999947e-01 2.950000000000000178e+00 1.560000000000000053e+00
7.219999999999999751e-01 2.950000000000000178e+00 1.589999999999999858e+00
7.099999999999999645e-01 2.950000000000000178e+00 1.619999999999999885e+00
7.610000000000000098e-01 2.950000000000000178e+00 1.649999999999999911e+00
6.969999999999999529e-01 2.950000000000000178e+00 1.679999999999999938e+00
6.889999999999999458e-01 2.950000000000000178e+00 1.709999999999999964e+00
7.299999999999999822e-01 2.950000000000000178e+00 1.739999999999999991e+00
7.750000000000000222e-01 2.950000000000000178e+00 1.770000000000000018e+00
6.929999999999999494e-01 2.950000000000000178e+00 1.799999999999999822e+00
7.099999999999999645e-01 2.950000000000000178e+00 1.829999999999999849e+00
6.780000000000000471e-01 2.950000000000000178e+00 1.859999999999999876e+00
7.259999999999999787e-01 2.950000000000000178e+00 1.889999999999999902e+00
7.960000000000000409e-01 2.950000000000000178e+00 1.919999999999999929e+00
7.650000000000000133e-01 2.950000000000000178e+00 1.949999999999999956e+00
6.889999999999999458e-01 2.950000000000000178e+00 1.979999999999999982e+00
7.750000000000000222e-01 2.950000000000000178e+00 2.009999999999999787e+00
6.840000000000000524e-01 2.950000000000000178e+00 2.040000000000000036e+00
7.419999999999999929e-01 2.950000000000000178e+00 2.069999999999999840e+00
7.800000000000000266e-01 2.950000000000000178e+00 2.100000000000000089e+00
8.409999999999999698e-01 2.950000000000000178e+00 2.129999999999999893e+00
7.439999999999999947e-01 2.950000000000000178e+00 2.160000000000000142e+00
8.000000000000000444e-01 2.950000000000000178e+00 2.189999999999999947e+00
7.730000000000000204e-01 2.950000000000000178e+00 2.219999999999999751e+00
7.670000000000000151e-01 2.950000000000000178e+00 2.250000000000000000e+00
7.740000000000000213e-01 2.950000000000000178e+00 2.279999999999999805e+00
7.690000000000000169e-01 2.950000000000000178e+00 2.310000000000000053e+00
7.550000000000000044e-01 2.950000000000000178e+00 2.339999999999999858e+00
7.289999999999999813e-01 2.950000000000000178e+00 2.370000000000000107e+00
8.199999999999999512e-01 2.950000000000000178e+00 2.399999999999999911e+00
7.770000000000000240e-01 2.950000000000000178e+00 2.429999999999999716e+00
7.379999999999999893e-01 2.950000000000000178e+00 2.459999999999999964e+00
7.309999999999999831e-01 2.950000000000000178e+00 2.489999999999999769e+00
7.850000000000000311e-01 2.950000000000000178e+00 2.520000000000000018e+00
8.189999999999999503e-01 2.950000000000000178e+00 2.549999999999999822e+00
7.790000000000000258e-01 2.950000000000000178e+00 2.580000000000000071e+00
8.139999999999999458e-01 2.950000000000000178e+00 2.609999999999999876e+00
8.139999999999999458e-01 2.950000000000000178e+00 2.639999999999999680e+00
8.439999999999999725e-01 2.950000000000000178e+00 2.669999999999999929e+00
7.980000000000000426e-01 2.950000000000000178e+00 2.699999999999999734e+00
8.519999999999999796e-01 2.950000000000000178e+00 2.729999999999999982e+00
8.739999999999999991e-01 2.950000000000000178e+00 2.759999999999999787e+00
8.409999999999999698e-01 2.950000000000000178e+00 2.790000000000000036e+00
8.529999999999999805e-01 2.950000000000000178e+00 2.819999999999999840e+00
8.379999999999999671e-01 2.950000000000000178e+00 2.850000000000000089e+00
8.349999999999999645e-01 2.950000000000000178e+00 2.879999999999999893e+00
8.569999999999999840e-01 2.950000000000000178e+00 2.909999999999999698e+00
8.499999999999999778e-01 2.950000000000000178e+00 2.939999999999999947e+00
8.539999999999999813e-01 2.950000000000000178e+00 2.969999999999999751e+00
8.239999999999999547e-01 2.950000000000000178e+00 3.000000000000000000e+00
8.479999999999999760e-01 2.950000000000000178e+00 3.029999999999999805e+00
8.459999999999999742e-01 2.950000000000000178e+00 3.060000000000000053e+00
8.399999999999999689e-01 2.950000000000000178e+00 3.089999999999999858e+00
8.870000000000000107e-01 2.950000000000000178e+00 3.120000000000000107e+00
8.579999999999999849e-01 2.950000000000000178e+00 3.149999999999999911e+00
8.920000000000000151e-01 2.950000000000000178e+00 3.179999999999999716e+00
8.890000000000000124e-01 2.950000000000000178e+00 3.209999999999999964e+00
8.629999999999999893e-01 2.950000000000000178e+00 3.239999999999999769e+00
8.840000000000000080e-01 2.950000000000000178e+00 3.270000000000000018e+00
8.970000000000000195e-01 2.950000000000000178e+00 3.299999999999999822e+00
8.679999999999999938e-01 2.950000000000000178e+00 3.330000000000000071e+00
8.860000000000000098e-01 2.950000000000000178e+00 3.359999999999999876e+00
9.030000000000000249e-01 2.950000000000000178e+00 3.389999999999999680e+00
9.110000000000000320e-01 2.950000000000000178e+00 3.419999999999999929e+00
9.020000000000000240e-01 2.950000000000000178e+00 3.449999999999999734e+00
8.629999999999999893e-01 2.950000000000000178e+00 3.479999999999999982e+00
9.010000000000000231e-01 2.950000000000000178e+00 3.509999999999999787e+00
9.130000000000000338e-01 2.950000000000000178e+00 3.540000000000000036e+00
9.010000000000000231e-01 2.950000000000000178e+00 3.569999999999999840e+00
8.750000000000000000e-01 2.950000000000000178e+00 3.599999999999999645e+00
9.459999999999999520e-01 2.950000000000000178e+00 3.629999999999999893e+00
8.950000000000000178e-01 2.950000000000000178e+00 3.659999999999999698e+00
8.729999999999999982e-01 2.950000000000000178e+00 3.689999999999999947e+00
8.659999999999999920e-01 2.950000000000000178e+00 3.719999999999999751e+00
9.010000000000000231e-01 2.950000000000000178e+00 3.750000000000000000e+00
8.689999999999999947e-01 2.950000000000000178e+00 3.779999999999999805e+00
9.180000000000000382e-01 2.950000000000000178e+00 3.810000000000000053e+00
9.240000000000000435e-01 2.950000000000000178e+00 3.839999999999999858e+00
9.040000000000000258e-01 2.950000000000000178e+00 3.869999999999999662e+00
9.150000000000000355e-01 2.950000000000000178e+00 3.899999999999999911e+00
9.320000000000000506e-01 2.950000000000000178e+00 3.929999999999999716e+00
9.140000000000000346e-01 2.950000000000000178e+00 3.959999999999999964e+00
8.990000000000000213e-01 2.950000000000000178e+00 3.989999999999999769e+00
9.609999999999999654e-01 2.950000000000000178e+00 4.019999999999999574e+00
9.399999999999999467e-01 2.950000000000000178e+00 4.049999999999999822e+00
9.190000000000000391e-01 2.950000000000000178e+00 4.080000000000000071e+00
9.489999999999999547e-01 2.950000000000000178e+00 4.109999999999999432e+00
9.000000000000000222e-01 2.950000000000000178e+00 4.139999999999999680e+00
8.539999999999999813e-01 2.950000000000000178e+00 4.169999999999999929e+00
9.220000000000000417e-01 2.950000000000000178e+00 4.200000000000000178e+00
8.729999999999999982e-01 2.950000000000000178e+00 4.229999999999999538e+00
9.170000000000000373e-01 2.950000000000000178e+00 4.259999999999999787e+00
9.439999999999999503e-01 2.950000000000000178e+00 4.290000000000000036e+00
9.320000000000000506e-01 2.950000000000000178e+00 4.320000000000000284e+00
9.519999999999999574e-01 2.950000000000000178e+00 4.349999999999999645e+00
9.629999999999999671e-01 2.950000000000000178e+00 4.379999999999999893e+00
9.579999999999999627e-01 2.950000000000000178e+00 4.410000000000000142e+00
9.649999999999999689e-01 2.950000000000000178e+00 4.439999999999999503e+00
8.900000000000000133e-01 2.950000000000000178e+00 4.469999999999999751e+00
9.300000000000000488e-01 2.950000000000000178e+00 4.500000000000000000e+00
9.320000000000000506e-01 2.950000000000000178e+00 4.530000000000000249e+00
9.449999999999999512e-01 2.950000000000000178e+00 4.559999999999999609e+00
9.719999999999999751e-01 2.950000000000000178e+00 4.589999999999999858e+00
9.370000000000000551e-01 2.950000000000000178e+00 4.620000000000000107e+00
9.010000000000000231e-01 2.950000000000000178e+00 4.649999999999999467e+00
9.549999999999999600e-01 2.950000000000000178e+00 4.679999999999999716e+00
9.699999999999999734e-01 2.950000000000000178e+00 4.709999999999999964e+00
9.569999999999999618e-01 2.950000000000000178e+00 4.740000000000000213e+00
9.150000000000000355e-01 2.950000000000000178e+00 4.769999999999999574e+00
9.409999999999999476e-01 2.950000000000000178e+00 4.799999999999999822e+00
9.749999999999999778e-01 2.950000000000000178e+00 4.830000000000000071e+00
9.639999999999999680e-01 2.950000000000000178e+00 4.859999999999999432e+00
9.689999999999999725e-01 2.950000000000000178e+00 4.889999999999999680e+00
9.379999999999999449e-01 2.950000000000000178e+00 4.919999999999999929e+00
9.729999999999999760e-01 2.950000000000000178e+00 4.950000000000000178e+00
9.399999999999999467e-01 2.950000000000000178e+00 4.979999999999999538e+00
9.599999999999999645e-01 2.950000000000000178e+00 5.009999999999999787e+00
9.240000000000000435e-01 2.950000000000000178e+00 5.040000000000000036e+00
9.479999999999999538e-01 2.950000000000000178e+00 5.069999999999999396e+00
9.629999999999999671e-01 2.950000000000000178e+00 5.099999999999999645e+00
9.739999999999999769e-01 2.950000000000000178e+00 5.129999999999999893e+00
9.789999999999999813e-01 2.950000000000000178e+00 5.160000000000000142e+00
9.409999999999999476e-01 2.950000000000000178e+00 5.189999999999999503e+00
9.559999999999999609e-01 2.950000000000000178e+00 5.219999999999999751e+00
9.459999999999999520e-01 2.950000000000000178e+00 5.250000000000000000e+00
9.300000000000000488e-01 2.950000000000000178e+00 5.279999999999999361e+00
9.839999999999999858e-01 2.950000000000000178e+00 5.309999999999999609e+00
9.439999999999999503e-01 2.950000000000000178e+00 5.339999999999999858e+00
9.389999999999999458e-01 2.950000000000000178e+00 5.370000000000000107e+00
9.759999999999999787e-01 2.950000000000000178e+00 5.399999999999999467e+00
9.829999999999999849e-01 2.950000000000000178e+00 5.429999999999999716e+00
9.499999999999999556e-01 2.950000000000000178e+00 5.459999999999999964e+00
9.519999999999999574e-01 2.950000000000000178e+00 5.490000000000000213e+00
9.649999999999999689e-01 2.950000000000000178e+00 5.519999999999999574e+00
9.569999999999999618e-01 2.950000000000000178e+00 5.549999999999999822e+00
9.719999999999999751e-01 2.950000000000000178e+00 5.580000000000000071e+00
9.709999999999999742e-01 2.950000000000000178e+00 5.609999999999999432e+00
9.779999999999999805e-01 2.950000000000000178e+00 5.639999999999999680e+00
9.799999999999999822e-01 2.950000000000000178e+00 5.669999999999999929e+00
9.889999999999999902e-01 2.950000000000000178e+00 5.700000000000000178e+00
9.929999999999999938e-01 2.950000000000000178e+00 5.729999999999999538e+00
9.709999999999999742e-01 2.950000000000000178e+00 5.759999999999999787e+00
9.749999999999999778e-01 2.950000000000000178e+00 5.790000000000000036e+00
9.619999999999999662e-01 2.950000000000000178e+00 5.819999999999999396e+00
9.799999999999999822e-01 2.950000000000000178e+00 5.849999999999999645e+00
9.849999999999999867e-01 2.950000000000000178e+00 5.879999999999999893e+00
9.789999999999999813e-01 2.950000000000000178e+00 5.910000000000000142e+00
9.759999999999999787e-01 2.950000000000000178e+00 5.939999999999999503e+00
9.789999999999999813e-01 2.950000000000000178e+00 5.969999999999999751e+00
